! FRIB fast beam rates (v.3.00) : 2024 PAC3
! 2024 PAC3:  21 beams (16 beams @ 15 kW).  86-m flight is taken into accout
!  The rates are estimated based on the EPAX 3.01 parameterization for fragmentation and the LISE++ 3EER model for in-flight fission.
! Primary beam energies acording the FRIB Beam PAC3 list
! Neutrons (N)	Protons (Z)	Value  [pps]
148	94	207
147	94	1040
146	94	488
145	94	10000
144	94	10500
143	94	10700
142	94	10500
141	94	9980
140	94	9060
139	94	8010
138	94	6920
137	94	5830
136	94	4800
135	94	3840
134	94	2990
133	94	2250
132	94	1640
131	94	1160
130	94	739
129	94	462
127	94	96.3
126	94	101
125	94	52.5
124	94	25.3
123	94	11.3
122	94	4.54
121	94	1.72
120	94	0.55
119	94	0.111
118	94	0.0195
117	94	0.00301
116	94	0.00039
115	94	4.42e-05
114	94	4.01e-06
113	94	3.15e-07
112	94	2.05e-08
111	94	1.09e-09
148	93	1060
147	93	527000
146	93	244000
145	93	5010000
144	93	5300000
143	93	5400000
142	93	5320000
141	93	5060000
140	93	4610000
139	93	4080000
138	93	3530000
137	93	2990000
136	93	2460000
135	93	1980000
134	93	1540000
133	93	1170000
132	93	854000
131	93	602000
130	93	408000
128	93	1.21e-08
127	93	61600
126	93	53200
125	93	27600
124	93	13300
123	93	5950
122	93	2440
121	93	819
120	93	75.6
119	93	2.59e-07
148	92	9730
147	92	4820000
146	92	1.16e+12
145	92	4.8e+08
144	92	5.07e+08
143	92	5.17e+08
142	92	5.09e+08
141	92	4.85e+08
140	92	4.42e+08
139	92	3.92e+08
138	92	3.4e+08
137	92	2.88e+08
136	92	2.37e+08
135	92	1.91e+08
134	92	1.49e+08
133	92	1.13e+08
132	92	8.25e+07
131	92	5.72e+07
130	92	3.62e+07
129	92	1.34e+07
127	92	9320000
126	92	5200000
125	92	2700000
124	92	1310000
123	92	585000
122	92	240000
121	92	89800
120	92	30300
119	92	9120
118	92	2440
117	92	571
116	92	116
115	92	20.4
114	92	3.01
113	92	0.386
112	92	0.00472
111	92	0.00226
110	92	0.000256
109	92	1.55e-05
108	92	7.7e-07
107	92	3.1e-08
106	92	1e-09
148	91	447
147	91	216000
146	91	2.16e+07
145	91	3.78e+07
144	91	5.97e+07
143	91	8.63e+07
142	91	1.16e+08
141	91	1.47e+08
140	91	1.77e+08
139	91	2.04e+08
138	91	2.26e+08
137	91	2.41e+08
136	91	2.49e+08
135	91	2.47e+08
134	91	2.34e+08
133	91	2.13e+08
132	91	1.86e+08
131	91	1.57e+08
130	91	1.18e+08
129	91	5.68e+07
128	91	22100
127	91	5.06e+07
126	91	3.35e+07
125	91	2.08e+07
124	91	1.2e+07
123	91	6460000
122	91	3190000
121	91	1440000
120	91	591000
119	91	218000
118	91	71400
117	91	20700
116	91	5220
115	91	1140
114	91	215
113	91	34.4
112	91	4.48
111	91	0.234
110	91	3e-07
148	90	10
147	90	4890
146	90	479000
145	90	1350000
144	90	3190000
143	90	6570000
142	90	1.21e+07
141	90	2.01e+07
140	90	3.09e+07
139	90	4.43e+07
138	90	5.99e+07
137	90	7.71e+07
136	90	9.53e+07
135	90	1.13e+08
134	90	1.3e+08
133	90	1.43e+08
132	90	1.54e+08
131	90	1.6e+08
130	90	1.51e+08
129	90	9.69e+07
128	90	3370000
127	90	1.11e+08
126	90	8.91e+07
125	90	6.72e+07
124	90	4.74e+07
123	90	3.11e+07
122	90	1.88e+07
121	90	1.05e+07
120	90	5290000
119	90	2410000
118	90	984000
117	90	356000
116	90	113000
115	90	31400
114	90	7260
113	90	1530
112	90	221
111	90	36.3
110	90	4.35
109	90	0.489
108	90	0.0263
107	90	0.00269
106	90	0.000148
105	90	6.5e-06
104	90	2.27e-07
103	90	6.24e-09
148	89	0.155
147	89	79.2
146	89	8090
145	89	36300
144	89	145000
143	89	411000
142	89	1000000
141	89	2140000
140	89	4090000
139	89	7170000
138	89	1.16e+07
137	89	1.76e+07
136	89	2.53e+07
135	89	3.46e+07
134	89	4.55e+07
133	89	5.74e+07
132	89	7.01e+07
131	89	8.3e+07
130	89	9.16e+07
129	89	6.89e+07
128	89	230000
127	89	1.16e+08
126	89	1.13e+08
125	89	1.02e+08
124	89	8.82e+07
123	89	7.11e+07
122	89	5.32e+07
121	89	3.66e+07
120	89	2.31e+07
119	89	1.32e+07
118	89	6740000
117	89	3080000
116	89	1240000
115	89	439000
114	89	134000
113	89	35400
112	89	7930
111	89	1520
110	89	238
109	89	32.4
108	89	3.47
107	89	0.307
106	89	0.00886
148	88	0.00315
147	88	1.59
146	88	161
145	88	1070
144	88	5330
143	88	21100
142	88	77200
141	88	208000
140	88	489000
139	88	1030000
138	88	1990000
137	88	3540000
136	88	5890000
135	88	9240000
134	88	1.38e+07
133	88	1.97e+07
132	88	2.72e+07
131	88	3.61e+07
130	88	4.57e+07
129	88	4.47e+07
128	88	6740000
127	88	8.29e+07
126	88	9.44e+07
125	88	1.04e+08
124	88	1.09e+08
123	88	1.07e+08
122	88	9.73e+07
121	88	8.22e+07
120	88	6.4e+07
119	88	4.53e+07
118	88	2.91e+07
117	88	1.67e+07
116	88	8490000
115	88	3800000
114	88	1490000
113	88	502000
112	88	144000
111	88	35700
110	88	7250
109	88	1280
108	88	179
107	88	21.3
106	88	1.73
105	88	0.152
104	88	0.00838
103	88	0.000431
102	88	1.61e-05
101	88	4.81e-07
148	87	6.85e-05
147	87	0.0344
146	87	3.47
145	87	31.8
144	87	212
143	87	1090
142	87	4490
141	87	15400
140	87	50600
139	87	126000
138	87	284000
137	87	583000
136	87	1100000
135	87	1960000
134	87	3300000
133	87	5270000
132	87	8090000
131	87	1.19e+07
130	87	1.66e+07
129	87	1.28e+07
128	87	223000
127	87	4.13e+07
126	87	5.26e+07
125	87	6.49e+07
124	87	7.77e+07
123	87	8.97e+07
122	87	9.96e+07
121	87	1.04e+08
120	87	1e+08
119	87	8.84e+07
118	87	7.11e+07
117	87	5.17e+07
116	87	3.36e+07
115	87	1.93e+07
114	87	9730000
113	87	4260000
112	87	1610000
111	87	516000
110	87	140000
109	87	31900
108	87	6020
107	87	932
106	87	118
105	87	12
104	87	0.959
103	87	0.0408
102	87	1.02e-06
148	86	1.67e-06
147	86	0.000836
146	86	0.084
145	86	1.01
144	86	8.56
143	86	54.8
142	86	276
141	86	1140
140	86	3940
139	86	11800
138	86	35400
137	86	82200
136	86	176000
135	86	349000
134	86	652000
133	86	1150000
132	86	1950000
131	86	3160000
130	86	4910000
129	86	6240000
128	86	2290000
127	86	1.58e+07
126	86	2.21e+07
125	86	3.01e+07
124	86	3.99e+07
123	86	5.14e+07
122	86	6.42e+07
121	86	7.74e+07
120	86	8.95e+07
119	86	9.8e+07
118	86	9.85e+07
117	86	8.96e+07
116	86	7.37e+07
115	86	5.41e+07
114	86	3.51e+07
113	86	1.99e+07
112	86	9760000
111	86	4100000
110	86	1460000
109	86	439000
108	86	110000
107	86	22500
106	86	3780
105	86	514
104	86	55.9
103	86	4.94
102	86	0.353
101	86	0.0203
100	86	0.00094
99	86	3.34e-05
98	86	9.87e-07
148	85	4.63e-08
147	85	2.31e-05
146	85	0.00231
145	85	0.0342
144	85	0.354
143	85	2.72
142	85	16.2
141	85	78.3
140	85	315
139	85	1080
138	85	3280
137	85	8850
136	85	24400
135	85	53500
134	85	110000
133	85	213000
132	85	393000
131	85	694000
130	85	1180000
129	85	913000
128	85	105000
127	85	4880000
126	85	7410000
125	85	1.1e+07
124	85	1.6e+07
123	85	2.26e+07
122	85	3.11e+07
121	85	4.16e+07
120	85	5.4e+07
119	85	6.75e+07
118	85	8.06e+07
117	85	9.11e+07
116	85	9.44e+07
115	85	8.72e+07
114	85	7.21e+07
113	85	5.27e+07
112	85	3.36e+07
111	85	1.84e+07
110	85	8650000
109	85	3420000
108	85	1130000
107	85	309000
106	85	69400
105	85	12600
104	85	1880
103	85	228
102	85	3.54
148	84	1.43e-09
147	84	7.12e-07
146	84	7.09e-05
145	84	0.00124
144	84	0.015
143	84	0.134
142	84	0.922
141	84	5.08
140	84	23.2
139	84	90
138	84	305
137	84	916
136	84	2490
135	84	6190
134	84	16100
133	84	33800
132	84	67600
131	84	129000
130	84	237000
129	84	378000
128	84	174000
127	84	1240000
126	84	2030000
125	84	8420000
124	84	8870000
123	84	8730000
122	84	1.19e+07
121	84	1.75e+07
120	84	2.5e+07
119	84	3.47e+07
118	84	4.65e+07
117	84	5.99e+07
116	84	7.34e+07
115	84	8.46e+07
114	84	8.89e+07
113	84	8.22e+07
112	84	6.73e+07
111	84	4.8e+07
110	84	2.95e+07
109	84	1.54e+07
108	84	6750000
107	84	2460000
106	84	737000
105	84	182000
104	84	36900
103	84	6160
102	84	826
101	84	91.9
100	84	1.86
99	84	0.277
96	84	5.5e-05
95	84	1.59e-06
147	83	2.4e-08
146	83	2.38e-06
145	83	4.73e-05
144	83	0.000649
143	83	0.00653
142	83	0.0504
141	83	0.31
140	83	1.58
139	83	6.79
138	83	25.4
137	83	83.9
136	83	250
135	83	680
134	83	1710
133	83	4030
132	83	10100
131	83	20700
130	83	40800
129	83	78000
128	83	145000
127	83	8020000
126	83	1.2e+12
125	83	7.97e+08
124	83	8.33e+08
123	83	8.2e+08
122	83	7.48e+08
121	83	6.52e+08
120	83	5.47e+08
119	83	4.43e+08
118	83	3.45e+08
117	83	2.59e+08
116	83	1.87e+08
115	83	1.3e+08
114	83	8.57e+07
113	83	7.89e+07
112	83	8.26e+07
111	83	7.52e+07
110	83	5.98e+07
109	83	4.09e+07
108	83	2.37e+07
107	83	1.15e+07
106	83	4650000
105	83	1560000
104	83	433000
103	83	98400
102	83	17900
101	83	2790
100	83	174
99	83	19.5
98	83	9.7e-08
97	83	2.4e-05
146	82	8.51e-08
145	82	1.85e-06
144	82	2.79e-05
143	82	0.000309
142	82	0.00262
141	82	0.0177
140	82	0.0987
139	82	0.465
138	82	1.89
137	82	6.81
136	82	22
135	82	65
134	82	177
133	82	451
132	82	1080
131	82	2460
130	82	6030
129	82	12300
128	82	24400
127	82	7460000
126	82	1.12e+12
125	82	7.39e+08
124	82	7.59e+08
123	82	7.49e+08
122	82	7.02e+08
121	82	6.27e+08
120	82	5.45e+08
119	82	4.6e+08
118	82	4.19e+08
117	82	4.05e+08
116	82	3.65e+08
115	82	3.15e+08
114	82	2.57e+08
113	82	1.99e+08
112	82	1.45e+08
111	82	9.94e+07
110	82	7.55e+07
109	82	6.65e+07
108	82	5.04e+07
107	82	3.24e+07
106	82	1.76e+07
105	82	7990000
104	82	3010000
103	82	936000
102	82	239000
101	82	49700
100	82	8450
99	82	1170
98	82	130
97	82	11.7
96	82	0.835
95	82	0.0475
94	82	0.00165
93	82	6.92e-05
92	82	2.31e-06
91	82	5.7e-08
90	82	1.21e-09
146	81	3.13e-09
145	81	7.26e-08
144	81	1.18e-06
143	81	1.4e-05
142	81	0.000128
141	81	0.000938
140	81	0.00564
139	81	0.0286
138	81	0.126
137	81	0.489
136	81	1.71
135	81	5.42
134	81	15.9
133	81	43.4
132	81	112
131	81	274
130	81	642
129	81	1450
128	81	3540
127	81	497000
126	81	4.98e+07
125	81	8.4e+07
124	81	1.27e+08
123	81	1.76e+08
122	81	2.26e+08
121	81	2.73e+08
120	81	3.14e+08
119	81	3.44e+08
118	81	3.61e+08
117	81	3.64e+08
116	81	3.47e+08
115	81	3.14e+08
114	81	2.72e+08
113	81	2.65e+08
112	81	2.41e+08
111	81	2.07e+08
110	81	1.66e+08
109	81	1.23e+08
108	81	8.46e+07
107	81	5.66e+07
106	81	4.06e+07
105	81	2.46e+07
104	81	1.25e+07
103	81	5300000
102	81	1850000
101	81	529000
100	81	123000
99	81	23400
98	81	3620
97	81	450
96	81	45.1
95	81	4
94	81	0.286
93	81	0.0154
92	81	3.43e-08
91	81	2.22e-05
145	80	2.79e-09
144	80	4.76e-08
143	80	5.99e-07
142	80	5.82e-06
141	80	4.53e-05
140	80	0.000291
139	80	0.00158
138	80	0.00744
137	80	0.0308
136	80	0.115
135	80	0.39
134	80	1.22
133	80	3.58
132	80	9.89
131	80	25.9
130	80	65.2
129	80	158
128	80	369
127	80	20000
126	80	2040000
125	80	5320000
124	80	1.17e+07
123	80	2.22e+07
122	80	3.78e+07
121	80	5.85e+07
120	80	8.37e+07
119	80	1.12e+08
118	80	1.43e+08
117	80	1.73e+08
116	80	2.01e+08
115	80	2.25e+08
114	80	2.41e+08
113	80	2.48e+08
112	80	2.41e+08
111	80	2.19e+08
110	80	2.04e+08
109	80	1.89e+08
108	80	1.62e+08
107	80	1.28e+08
106	80	9.25e+07
105	80	6.01e+07
104	80	3.49e+07
103	80	1.8e+07
102	80	8540000
101	80	3340000
100	80	1070000
99	80	291000
98	80	67400
97	80	12900
96	80	2000
95	80	250
94	80	24.7
93	80	1.92
92	80	0.115
91	80	0.00529
90	80	0.000183
144	79	2.01e-09
143	79	2.63e-08
142	79	2.67e-07
141	79	2.17e-06
140	79	1.47e-05
139	79	8.4e-05
138	79	0.000416
137	79	0.00183
136	79	0.0072
135	79	0.0259
134	79	0.0865
133	79	0.269
132	79	0.787
131	79	2.19
130	79	5.85
129	79	15.2
128	79	38
127	79	589
126	79	59800
125	79	240000
124	79	853000
123	79	2190000
122	79	4830000
121	79	9420000
120	79	1.66e+07
119	79	2.7e+07
118	79	4.08e+07
117	79	5.83e+07
116	79	7.89e+07
115	79	1.02e+08
114	79	1.27e+08
113	79	1.53e+08
112	79	1.77e+08
111	79	1.97e+08
110	79	2.11e+08
109	79	2.13e+08
108	79	1.97e+08
107	79	1.86e+08
106	79	1.7e+08
105	79	1.41e+08
104	79	1.06e+08
103	79	7.03e+07
102	79	4.12e+07
101	79	2.09e+07
100	79	9130000
99	79	3370000
98	79	1040000
97	79	266000
96	79	55500
95	79	9370
94	79	1260
93	79	133
92	79	10.8
91	79	0.691
90	79	0.0273
89	79	0.00118
88	79	2.67e-05
87	79	5.9e-07
86	79	1.69e-09
143	78	1.14e-09
142	78	1.21e-08
141	78	1.02e-07
140	78	7.23e-07
139	78	4.34e-06
138	78	2.27e-05
137	78	0.000105
136	78	0.00044
135	78	0.00168
134	78	0.00592
133	78	0.0196
132	78	0.0612
131	78	0.182
130	78	0.522
129	78	1.45
128	78	3.9
127	78	19
126	78	1920
125	78	10900
124	78	46800
123	78	161000
122	78	513000
121	78	1670000
120	78	2.28e+11
119	78	1.68e+08
118	78	1.69e+08
117	78	1.64e+08
116	78	1.52e+08
115	78	1.34e+08
114	78	1.16e+08
113	78	9.75e+07
112	78	8.51e+07
111	78	1.08e+08
110	78	1.32e+08
109	78	1.56e+08
108	78	1.77e+08
107	78	1.91e+08
106	78	1.92e+08
105	78	1.77e+08
104	78	1.69e+08
103	78	1.45e+08
102	78	1.11e+08
101	78	7.42e+07
100	78	4.29e+07
99	78	2.12e+07
98	78	8790000
97	78	3040000
96	78	864000
95	78	199000
94	78	36700
93	78	5360
92	78	610
91	78	53.5
90	78	3.56
89	78	0.177
88	78	0.00671
87	78	0.000192
141	77	4.18e-09
140	77	3.07e-08
139	77	1.92e-07
138	77	1.05e-06
137	77	5.13e-06
136	77	2.26e-05
135	77	9.13e-05
134	77	0.000342
133	77	0.0012
132	77	0.004
131	77	0.0127
130	77	0.039
129	77	0.116
128	77	0.337
127	77	0.96
126	77	65.9
125	77	495
124	77	2740
123	77	11800
122	77	41700
121	77	142000
120	77	1.29e+07
119	77	2.42e+07
118	77	3.52e+07
117	77	4.71e+07
116	77	5.89e+07
115	77	6.96e+07
114	77	7.85e+07
113	77	8.48e+07
112	77	8.8e+07
111	77	8.77e+07
110	77	8.28e+07
109	77	7.91e+07
108	77	1.02e+08
107	77	1.26e+08
106	77	1.5e+08
105	77	1.7e+08
104	77	1.81e+08
103	77	1.73e+08
102	77	1.65e+08
101	77	1.43e+08
100	77	1.09e+08
99	77	7.18e+07
98	77	4.01e+07
97	77	1.88e+07
96	77	7260000
95	77	2290000
94	77	581000
93	77	117000
92	77	18500
91	77	2260
90	77	211
89	77	15.1
88	77	0.829
87	77	0.0349
86	77	0.00107
85	77	2.7e-05
84	77	4.63e-07
83	77	8.08e-09
140	76	1.11e-09
139	76	7.22e-09
138	76	4.13e-08
137	76	2.11e-07
136	76	9.75e-07
135	76	4.15e-06
134	76	1.65e-05
133	76	6.16e-05
132	76	0.000219
131	76	0.000745
130	76	0.00245
129	76	0.00785
128	76	0.0246
127	76	0.0759
126	76	2.49
125	76	23.4
124	76	159
123	76	831
122	76	3480
121	76	12100
120	76	531000
119	76	1400000
118	76	3100000
117	76	6560000
116	76	1.08e+07
115	76	1.62e+07
114	76	2.27e+07
113	76	3e+07
112	76	3.77e+07
111	76	4.52e+07
110	76	5.21e+07
109	76	5.79e+07
108	76	6.19e+07
107	76	6.35e+07
106	76	8.14e+07
105	76	1.05e+08
104	76	1.3e+08
103	76	1.54e+08
102	76	1.69e+08
101	76	1.67e+08
100	76	1.58e+08
99	76	1.36e+08
98	76	1.02e+08
97	76	6.41e+07
96	76	3.37e+07
95	76	1.46e+07
94	76	5090000
93	76	1420000
92	76	312000
91	76	53200
90	76	7060
89	76	730
88	76	58.3
87	76	3.58
86	76	0.168
85	76	0.00598
84	76	0.000161
138	75	1.35e-09
137	75	7.21e-09
136	75	3.51e-08
135	75	1.58e-07
134	75	6.61e-07
133	75	2.63e-06
132	75	1e-05
131	75	3.66e-05
130	75	0.00013
129	75	0.000448
128	75	0.00152
127	75	0.00512
126	75	0.104
125	75	1.16
124	75	9.28
123	75	56.5
122	75	273
121	75	1090
120	75	17100
119	75	67600
118	75	212000
117	75	550000
116	75	1230000
115	75	2650000
114	75	4520000
113	75	7140000
112	75	1.06e+07
111	75	1.48e+07
110	75	1.98e+07
109	75	2.55e+07
108	75	3.15e+07
107	75	3.76e+07
106	75	4.33e+07
105	75	4.91e+07
104	75	6.83e+07
103	75	9.15e+07
102	75	1.17e+08
101	75	1.42e+08
100	75	1.59e+08
99	75	1.58e+08
98	75	1.49e+08
97	75	1.25e+08
96	75	8.89e+07
95	75	5.24e+07
94	75	2.52e+07
93	75	9740000
92	75	2980000
91	75	720000
90	75	137000
89	75	20300
88	75	2350
87	75	210
86	75	14.4
85	75	0.751
84	75	0.0296
83	75	0.000861
82	75	4.27e-06
136	74	1.05e-09
135	74	4.96e-09
134	74	2.21e-08
133	74	9.35e-08
132	74	3.79e-07
131	74	1.5e-06
130	74	5.76e-06
129	74	2.17e-05
128	74	8.04e-05
127	74	0.000295
126	74	0.00463
125	74	0.0591
124	74	0.538
123	74	3.7
122	74	20.2
121	74	90.2
120	74	524
119	74	2930
118	74	12500
117	74	42400
116	74	120000
115	74	292000
114	74	628000
113	74	1330000
112	74	2290000
111	74	3690000
110	74	5630000
109	74	8190000
108	74	1.15e+07
107	74	1.54e+07
106	74	2.01e+07
105	74	2.53e+07
104	74	3.09e+07
103	74	4.2e+07
102	74	6.05e+07
101	74	8.35e+07
100	74	1.1e+08
99	74	1.35e+08
98	74	1.52e+08
97	74	1.48e+08
96	74	1.38e+08
95	74	1.1e+08
94	74	7.21e+07
93	74	3.85e+07
92	74	1.65e+07
91	74	5670000
90	74	1540000
89	74	327000
88	74	54500
87	74	7040
86	74	702
85	74	53.8
84	74	3.13
83	74	0.138
82	74	0.00455
81	74	0.000112
80	74	2.06e-06
79	74	4.71e-08
78	74	1.62e-09
133	73	2.76e-09
132	73	1.21e-08
131	73	5.12e-08
130	73	2.13e-07
129	73	8.89e-07
128	73	3.62e-06
127	73	1.46e-05
126	73	0.000217
125	73	0.00305
124	73	0.0306
123	73	0.232
122	73	1.39
121	73	6.85
120	73	28.5
119	73	123
118	73	678
117	73	2910
116	73	10200
115	73	30100
114	73	77100
113	73	176000
112	73	363000
111	73	751000
110	73	1290000
109	73	2100000
108	73	3260000
107	73	4890000
106	73	7090000
105	73	9960000
104	73	1.36e+07
103	73	1.79e+07
102	73	2.48e+07
101	73	3.84e+07
100	73	5.69e+07
99	73	8.01e+07
98	73	1.06e+08
97	73	1.31e+08
96	73	1.45e+08
95	73	1.4e+08
94	73	1.23e+08
93	73	9.01e+07
92	73	5.39e+07
91	73	2.6e+07
90	73	1e+07
89	73	3050000
88	73	730000
87	73	136000
86	73	19700
85	73	2190
84	73	187
83	73	12.2
82	73	0.595
131	72	1.48e-09
130	72	6.75e-09
129	72	3.05e-08
128	72	1.39e-07
127	72	6.17e-07
126	72	1.03e-05
125	72	0.000155
124	72	0.00168
123	72	0.0137
122	72	0.0888
121	72	0.472
120	72	2.13
119	72	8.3
118	72	35.1
117	72	184
116	72	773
115	72	2710
114	72	8120
113	72	21400
112	72	50700
111	72	110000
110	72	219000
109	72	445000
108	72	764000
107	72	1260000
106	72	2010000
105	72	3100000
104	72	4660000
103	72	6810000
102	72	9680000
101	72	1.43e+07
100	72	2.37e+07
99	72	3.75e+07
98	72	5.66e+07
97	72	8.05e+07
96	72	1.07e+08
95	72	1.3e+08
94	72	1.37e+08
93	72	1.29e+08
92	72	1.05e+08
91	72	7.02e+07
90	72	3.8e+07
89	72	1.65e+07
88	72	5650000
87	72	1520000
86	72	318000
85	72	51400
84	72	6410
83	72	610
82	72	44.1
81	72	2.39
80	72	0.097
79	72	0.00292
78	72	6.47e-05
77	72	1.06e-06
76	72	3.56e-08
75	72	1.24e-09
128	71	4.46e-09
127	71	2.17e-08
126	71	4.83e-07
125	71	7.58e-06
124	71	8.63e-05
123	71	0.000748
122	71	0.00517
121	71	0.0293
120	71	0.141
119	71	0.588
118	71	2.18
117	71	10.7
116	71	52.7
115	71	214
114	71	740
113	71	2230
112	71	5980
111	71	14600
110	71	32600
109	71	68200
108	71	151000
107	71	271000
106	71	470000
105	71	792000
104	71	1300000
103	71	2080000
102	71	3250000
101	71	4950000
100	71	8140000
99	71	1.43e+07
98	71	2.43e+07
97	71	3.9e+07
96	71	5.93e+07
95	71	8.41e+07
94	71	1.1e+08
93	71	1.28e+08
92	71	1.27e+08
91	71	1.15e+08
90	71	8.56e+07
89	71	5.19e+07
88	71	2.53e+07
87	71	9750000
86	71	2950000
85	71	693000
84	71	126000
83	71	17500
82	71	1850
81	71	149
80	71	8.99
79	71	0.404
126	70	2.16e-08
125	70	3.48e-07
124	70	4.1e-06
123	70	3.71e-05
122	70	0.000268
121	70	0.00161
120	70	0.00819
119	70	0.0363
118	70	0.143
117	70	0.57
116	70	3.22
115	70	14.9
114	70	58.3
113	70	198
112	70	597
111	70	1620
110	70	4050
109	70	9390
108	70	20400
107	70	42100
106	70	92600
105	70	169000
104	70	301000
103	70	523000
102	70	891000
101	70	1490000
100	70	2420000
99	70	4600000
98	70	8640000
97	70	1.55e+07
96	70	2.66e+07
95	70	4.27e+07
94	70	6.41e+07
93	70	8.87e+07
92	70	1.12e+08
91	70	1.23e+08
90	70	1.18e+08
89	70	9.78e+07
88	70	6.64e+07
87	70	3.63e+07
86	70	1.57e+07
85	70	5350000
84	70	1410000
83	70	287000
82	70	44500
81	70	5270
80	70	471
79	70	31.6
78	70	1.57
77	70	0.0578
76	70	0.00155
75	70	3.05e-05
74	70	6.89e-07
73	70	2.34e-08
125	69	1.46e-08
124	69	1.76e-07
123	69	1.64e-06
122	69	1.23e-05
121	69	7.68e-05
120	69	0.000413
119	69	0.00193
118	69	0.00803
117	69	0.0304
116	69	0.173
115	69	0.901
114	69	3.95
113	69	15
112	69	50.1
111	69	151
110	69	417
109	69	1070
108	69	2560
107	69	5820
106	69	12600
105	69	26200
104	69	58500
103	69	110000
102	69	204000
101	69	370000
100	69	661000
99	69	1250000
98	69	2600000
97	69	5190000
96	69	9860000
95	69	1.77e+07
94	69	2.98e+07
93	69	4.71e+07
92	69	6.9e+07
91	69	9.27e+07
90	69	1.12e+08
89	69	1.14e+08
88	69	1.05e+08
87	69	7.97e+07
86	69	4.88e+07
85	69	2.37e+07
84	69	9060000
83	69	2680000
82	69	611000
81	69	106000
80	69	14000
79	69	1400
78	69	104
77	69	5.75
76	69	0.205
75	69	0.00579
124	68	6.63e-09
123	68	6.31e-08
122	68	4.88e-07
121	68	3.16e-06
120	68	1.76e-05
119	68	8.57e-05
118	68	0.000382
117	68	0.00153
116	68	0.0081
115	68	0.0466
114	68	0.226
113	68	0.949
112	68	3.51
111	68	11.7
110	68	35.5
109	68	116
108	68	561
107	68	659
106	68	1570
105	68	3600
104	68	7960
103	68	17100
102	68	39300
101	68	92700
100	68	226000
99	68	295000
98	68	673000
97	68	1470000
96	68	3070000
95	68	6090000
94	68	1.14e+07
93	68	2.02e+07
92	68	3.36e+07
91	68	5.19e+07
90	68	7.4e+07
89	68	9.6e+07
88	68	1.1e+08
87	68	1.06e+08
86	68	8.97e+07
85	68	6.13e+07
84	68	3.34e+07
83	68	1.43e+07
82	68	4770000
81	68	1220000
80	68	237000
79	68	35000
78	68	3890
77	68	322
76	68	19.8
75	68	0.89
74	68	0.0291
73	68	0.000688
72	68	1.31e-05
123	67	2.09e-09
122	67	1.65e-08
121	67	1.1e-07
120	67	6.34e-07
119	67	3.24e-06
118	67	1.49e-05
117	67	6.43e-05
116	67	0.000322
115	67	0.00203
114	67	0.0108
113	67	0.0498
112	67	0.202
111	67	0.74
110	67	2.47
109	67	12.6
108	67	65
107	67	564
106	67	1980
105	67	403
104	67	982
103	67	2330
102	67	6160
101	67	31400
100	67	115000
99	67	273000
98	67	479000
97	67	579000
96	67	909000
95	67	1770000
94	67	3660000
93	67	7190000
92	67	1.33e+07
91	67	2.32e+07
90	67	3.78e+07
89	67	5.71e+07
88	67	7.88e+07
87	67	9.78e+07
86	67	1.03e+08
85	67	9.5e+07
84	67	7.24e+07
83	67	4.42e+07
82	67	2.12e+07
81	67	7950000
80	67	2280000
79	67	498000
78	67	82100
77	67	10200
76	67	938
75	67	63.9
74	67	3.18
73	67	0.115
121	66	3.2e-09
120	66	1.92e-08
119	66	1.02e-07
118	66	4.9e-07
117	66	2.18e-06
116	66	1.05e-05
115	66	7.31e-05
114	66	0.000424
113	66	0.00213
112	66	0.00949
111	66	0.038
110	66	0.139
109	66	0.913
108	66	6.33
107	66	59.8
106	66	320
105	66	1100
104	66	6210
103	66	261
102	66	672
101	66	4860
100	66	27200
99	66	104000
98	66	324000
97	66	385000
96	66	1040000
95	66	930000
94	66	1670000
93	66	2150000
92	66	4400000
91	66	8550000
90	66	1.56e+07
89	66	2.68e+07
88	66	4.26e+07
87	66	6.23e+07
86	66	8.27e+07
85	66	9.67e+07
84	66	9.5e+07
83	66	8.04e+07
82	66	5.48e+07
81	66	2.95e+07
80	66	1.24e+07
79	66	4000000
78	66	982000
77	66	181000
76	66	25100
75	66	2580
74	66	195
73	66	10.8
72	66	0.429
71	66	0.0125
70	66	0.000285
69	66	6.03e-06
68	66	2.1e-07
119	65	2.63e-09
118	65	1.33e-08
117	65	6.27e-08
116	65	2.81e-07
115	65	2.09e-06
114	65	1.32e-05
113	65	7.34e-05
112	65	0.000356
111	65	0.00156
110	65	0.00628
109	65	0.129
108	65	0.777
107	65	5.35
106	65	45.9
105	65	218
104	65	1390
103	65	5440
102	65	22500
101	65	450
100	65	3200
99	65	20600
98	65	98700
97	65	321000
96	65	786000
95	65	980000
94	65	2060000
93	65	1820000
92	65	2820000
91	65	2630000
90	65	5350000
89	65	1.02e+07
88	65	1.83e+07
87	65	3.07e+07
86	65	4.75e+07
85	65	6.7e+07
84	65	8.48e+07
83	65	9.09e+07
82	65	8.43e+07
81	65	6.4e+07
80	65	3.87e+07
79	65	1.82e+07
78	65	6610000
77	65	1820000
76	65	377000
75	65	58300
74	65	6680
73	65	561
72	65	34.4
71	65	1.52
70	65	0.0491
117	64	1.73e-09
116	64	8.17e-09
115	64	5.43e-08
114	64	3.7e-07
113	64	2.2e-06
112	64	1.16e-05
111	64	5.55e-05
110	64	0.000244
109	64	0.001
108	64	0.0547
107	64	0.553
106	64	3.68
105	64	31.7
104	64	197
103	64	1060
102	64	5370
101	64	22300
100	64	73900
99	64	2220
98	64	15300
97	64	83900
96	64	345000
95	64	562000
94	64	1750000
93	64	1460000
92	64	3060000
91	64	3040000
90	64	4460000
89	64	3260000
88	64	6500000
87	64	1.22e+07
86	64	2.14e+07
85	64	3.49e+07
84	64	5.24e+07
83	64	7.09e+07
82	64	8.43e+07
81	64	8.35e+07
80	64	7.07e+07
79	64	4.77e+07
78	64	2.52e+07
77	64	1.03e+07
76	64	3180000
75	64	740000
74	64	128000
73	64	16300
72	64	1530
71	64	104
70	64	5.06
69	64	0.182
68	64	0.00494
67	64	9.57e-05
66	64	2.81e-06
115	63	1.1e-09
114	63	8.1e-09
113	63	5.22e-08
112	63	3.01e-07
111	63	1.58e-06
110	63	7.67e-06
109	63	3.49e-05
108	63	0.00015
107	63	0.00062
106	63	0.397
105	63	3.22
104	63	27.3
103	63	185
102	63	1190
101	63	6080
100	63	23400
99	63	104000
98	63	1640
97	63	10200
96	63	68900
95	63	285000
94	63	979000
93	63	1360000
92	63	3680000
91	63	2900000
90	63	5330000
89	63	4570000
88	63	5680000
87	63	4470000
86	63	8710000
85	63	1.6e+07
84	63	2.72e+07
83	63	4.29e+07
82	63	6.15e+07
81	63	7.91e+07
80	63	8.59e+07
79	63	7.96e+07
78	63	5.98e+07
77	63	3.53e+07
76	63	1.61e+07
75	63	5560000
74	63	1440000
73	63	279000
72	63	39700
71	63	4120
70	63	309
69	63	16.6
68	63	0.654
67	63	0.0194
112	62	6.01e-09
111	62	3.47e-08
110	62	1.87e-07
109	62	9.48e-07
108	62	4.58e-06
107	62	2.13e-05
106	62	0.0215
105	62	0.168
104	62	1.68
103	62	14.1
102	62	163
101	62	988
100	62	6710
99	62	28600
98	62	172000
97	62	1130
96	62	8200
95	62	55200
94	62	289000
93	62	603000
92	62	2520000
91	62	5210000
90	62	5790000
89	62	4470000
88	62	8740000
87	62	6590000
86	62	8910000
85	62	6430000
84	62	1.18e+07
83	62	2.11e+07
82	62	3.5e+07
81	62	5.33e+07
80	62	7.31e+07
79	62	8.84e+07
78	62	8.75e+07
77	62	7.37e+07
76	62	4.86e+07
75	62	2.48e+07
74	62	9690000
73	62	2830000
72	62	613000
71	62	97100
70	62	11300
69	62	941
68	62	56
67	62	2.43
66	62	0.079
65	62	0.0018
64	62	3.86e-05
63	62	1.36e-06
110	61	3.51e-09
109	61	2.01e-08
108	61	1.1e-07
107	61	5.83e-07
106	61	3.01e-06
105	61	1.55e-05
104	61	0.083
103	61	1.12
102	61	14.2
101	61	146
100	61	1160
99	61	6810
98	61	45800
97	61	169000
96	61	1380
95	61	11200
94	61	65900
93	61	284000
92	61	1090000
91	61	1890000
90	61	5410000
89	61	3860000
88	61	1.1e+07
87	61	9860000
86	61	1.3e+07
85	61	1.05e+07
84	61	1.15e+07
83	61	8390000
82	61	1.58e+07
81	61	2.76e+07
80	61	4.44e+07
79	61	6.48e+07
78	61	8.43e+07
77	61	9.22e+07
76	61	8.48e+07
75	61	6.27e+07
74	61	3.62e+07
73	61	1.58e+07
72	61	5200000
71	61	1270000
70	61	225000
69	61	29000
68	61	2690
67	61	178
66	61	8.55
65	61	0.302
108	60	2.91e-09
107	60	1.87e-08
106	60	1.15e-07
105	60	6.8e-07
104	60	5.37e-06
103	60	0.0444
102	60	0.526
101	60	5.38
100	60	104
99	60	734
98	60	8990
97	60	61000
96	60	236000
95	60	747000
94	60	34000
93	60	148000
92	60	639000
91	60	1190000
90	60	3330000
89	60	3810000
88	60	1.06e+07
87	60	7890000
86	60	1.48e+07
85	60	1.32e+07
84	60	1.8e+07
83	60	1.42e+07
82	60	1.83e+07
81	60	1.25e+07
80	60	2.1e+07
79	60	3.57e+07
78	60	5.52e+07
77	60	7.69e+07
76	60	9.33e+07
75	60	9.3e+07
74	60	7.65e+07
73	60	4.92e+07
72	60	2.44e+07
71	60	9010000
70	60	2460000
69	60	491000
68	60	70900
67	60	7310
66	60	534
65	60	28.5
64	60	1.11
63	60	0.0303
62	60	0.000576
61	60	1.91e-05
60	60	6.84e-07
106	59	3.87e-09
105	59	2.5e-08
104	59	1.56e-07
103	59	3.4e-06
102	59	0.0951
101	59	0.356
100	59	4.72
99	59	44.6
98	59	1170
97	59	10700
96	59	91600
95	59	318000
94	59	1450000
93	59	101000
92	59	601000
91	59	1730000
90	59	4100000
89	59	4470000
88	59	6440000
87	59	5320000
86	59	1.83e+07
85	59	1.59e+07
84	59	2.25e+07
83	59	1.83e+07
82	59	2.69e+07
81	59	2.11e+07
80	59	1.83e+07
79	59	1.55e+07
78	59	2.77e+07
77	59	4.54e+07
76	59	6.74e+07
75	59	8.85e+07
74	59	9.7e+07
73	59	8.84e+07
72	59	6.36e+07
71	59	3.5e+07
70	59	1.47e+07
69	59	4510000
68	59	1010000
67	59	163000
66	59	18700
65	59	1530
64	59	89.9
63	59	3.86
62	59	0.115
104	58	5.23e-09
103	58	1.01e-07
102	58	3.35e-06
101	58	2.87e-05
100	58	0.0846
99	58	2.16
98	58	39.3
97	58	639
96	58	15500
95	58	81100
94	58	530000
93	58	2220000
92	58	293000
91	58	1330000
90	58	4920000
89	58	6240000
88	58	1.18e+07
87	58	8110000
86	58	1.36e+07
85	58	1.47e+07
84	58	3.16e+07
83	58	2.07e+07
82	58	3.41e+07
81	58	2.8e+07
80	58	3.18e+07
79	58	2.25e+07
78	58	2.06e+07
77	58	2.09e+07
76	58	3.61e+07
75	58	5.68e+07
74	58	7.98e+07
73	58	9.77e+07
72	58	9.64e+07
71	58	7.74e+07
70	58	4.81e+07
69	58	2.24e+07
68	58	7710000
67	58	1960000
66	58	356000
65	58	45600
64	58	4110
63	58	266
62	58	12.6
61	58	0.388
60	58	0.00865
59	58	0.000222
58	58	7.87e-06
57	58	2.84e-07
56	58	1.05e-09
103	57	2.05e-09
102	57	9.29e-08
101	57	8.5e-07
100	57	1.38e-05
99	57	0.0653
98	57	1.06
97	57	24
96	57	1090
95	57	7310
94	57	108000
93	57	593000
92	57	61300
91	57	578000
90	57	3130000
89	57	8330000
88	57	1.67e+07
87	57	1.57e+07
86	57	1.67e+07
85	57	1.53e+07
84	57	2.38e+07
83	57	1.95e+07
82	57	4.22e+07
81	57	2.88e+07
80	57	3.72e+07
79	57	3.37e+07
78	57	3.27e+07
77	57	2.39e+07
76	57	2.44e+07
75	57	2.77e+07
74	57	4.63e+07
73	57	6.95e+07
72	57	9.18e+07
71	57	1e+08
70	57	8.95e+07
69	57	6.21e+07
68	57	3.25e+07
67	57	1.26e+07
66	57	3570000
65	57	732000
64	57	105000
63	57	10200
62	57	708
61	57	37
60	57	1.31
59	57	0.03
102	56	1.65e-09
101	56	1.78e-08
100	56	3.36e-07
99	56	7.74e-06
98	56	0.0128
97	56	0.54
96	56	29.2
95	56	192
94	56	7850
93	56	111000
92	56	5570
91	56	96900
90	56	694000
89	56	2530000
88	56	1.21e+07
87	56	1.64e+07
86	56	2.59e+07
85	56	1.65e+07
84	56	1.78e+07
83	56	1.88e+07
82	56	3.82e+07
81	56	2.36e+07
80	56	3.99e+07
79	56	3.85e+07
78	56	4.88e+07
77	56	3.55e+07
76	56	3.02e+07
75	56	2.23e+07
74	56	2.41e+07
73	56	3.65e+07
72	56	5.82e+07
71	56	8.28e+07
70	56	1.01e+08
69	56	9.77e+07
68	56	7.61e+07
67	56	4.48e+07
66	56	1.95e+07
65	56	6190000
64	56	1340000
63	56	215000
62	56	24000
61	56	1900
60	56	108
59	56	4.24
58	56	0.112
57	56	0.00241
56	56	8.57e-05
100	55	6.23e-09
99	55	1.76e-07
98	55	4.3e-06
97	55	0.000107
96	55	0.257
95	55	6.87
94	55	301
93	55	21.1
92	55	176
91	55	8220
90	55	118000
89	55	586000
88	55	3530000
87	55	8280000
86	55	1.95e+07
85	55	1.97e+07
84	55	2.08e+07
83	55	1.42e+07
82	55	2.95e+07
81	55	3.97e+07
80	55	3.51e+07
79	55	3.53e+07
78	55	5.13e+07
77	55	4.58e+07
76	55	4.61e+07
75	55	3.28e+07
74	55	2.57e+07
73	55	1.85e+07
72	55	2.75e+07
71	55	4.65e+07
70	55	7.16e+07
69	55	9.46e+07
68	55	1.02e+08
67	55	8.82e+07
66	55	5.82e+07
65	55	2.67e+07
64	55	9720000
63	55	2470000
62	55	443000
61	55	55200
60	55	4820
59	55	301
58	55	12.5
57	55	0.374
99	54	2.94e-09
98	54	8.2e-08
97	54	2.51e-06
96	54	0.00125
95	54	0.0256
94	54	1.23
93	54	33
92	54	1660
91	54	228
90	54	2880
89	54	39200
88	54	518000
87	54	1540000
86	54	6600000
85	54	8770000
84	54	1.65e+07
83	54	1.45e+07
82	54	3.18e+07
81	54	3.52e+07
80	54	3.65e+07
79	54	2.79e+07
78	54	6.01e+07
77	54	4.87e+07
76	54	5.73e+07
75	54	3.98e+07
74	54	3.67e+07
73	54	3.04e+07
72	54	3.73e+07
71	54	5.77e+07
70	54	2.25e+12
69	54	5.8e+09
68	54	4.07e+09
67	54	2.19e+09
66	54	9.59e+08
65	54	3.48e+08
64	54	1.06e+08
63	54	2.69e+07
62	54	5560000
61	54	913000
60	54	120000
59	54	11700
58	54	804
57	54	37.4
56	54	1.91
55	54	0.0996
54	54	0.00481
98	53	1.2e-09
97	53	4.4e-08
96	53	1.85e-06
95	53	3.44e-05
94	53	0.00289
93	53	0.176
92	53	10.7
91	53	244
90	53	140
89	53	1970
88	53	28200
87	53	159000
86	53	922000
85	53	2380000
84	53	6160000
83	53	9460000
82	53	3.47e+07
81	53	3.85e+07
80	53	3.13e+07
79	53	1.88e+07
78	53	5.06e+07
77	53	4.16e+07
76	53	5.41e+07
75	53	4.72e+07
74	53	5.34e+07
73	53	3.82e+07
72	53	3.12e+07
71	53	2.35e+07
70	53	7.37e+08
69	53	1.93e+09
68	53	3.25e+09
67	53	3.85e+09
66	53	3.16e+09
65	53	2.04e+09
64	53	1.05e+09
63	53	4.34e+08
62	53	1.42e+08
61	53	3.65e+07
60	53	7110000
59	53	1020000
58	53	103000
57	53	7000
56	53	309
55	53	11.4
96	52	2.77e-08
95	52	6.28e-07
94	52	1.8e-05
93	52	0.0015
92	52	0.0249
91	52	0.936
90	52	74.2
89	52	1580
88	52	760
87	52	5780
86	52	61800
85	52	213000
84	52	1040000
83	52	2590000
82	52	2.03e+07
81	52	3.33e+07
80	52	3.24e+07
79	52	1.37e+07
78	52	2.6e+07
77	52	2.44e+07
76	52	5.83e+07
75	52	4.41e+07
74	52	5.47e+07
73	52	4.33e+07
72	52	4.51e+07
71	52	3.29e+07
70	52	5.93e+07
69	52	2.69e+08
68	52	7.62e+08
67	52	1.52e+09
66	52	2.32e+09
65	52	2.75e+09
64	52	2.42e+09
63	52	1.67e+09
62	52	9.09e+08
61	52	3.81e+08
60	52	1.21e+08
59	52	2.81e+07
58	52	4610000
57	52	514000
56	52	37300
55	52	1700
54	52	48.7
53	52	1.07
52	52	0.0742
95	51	8.48e-09
94	51	2.77e-07
93	51	4.22e-06
92	51	8.18e-05
91	51	0.00264
90	51	0.187
89	51	8.49
88	51	457
87	51	41900
86	51	1560
85	51	10900
84	51	69200
83	51	384000
82	51	5450000
81	51	1.51e+07
80	51	2.22e+07
79	51	1.2e+07
78	51	1.21e+07
77	51	1.26e+07
76	51	3.46e+07
75	51	2.91e+07
74	51	4.64e+07
73	51	4.47e+07
72	51	5.59e+07
71	51	4.38e+07
70	51	4.11e+07
69	51	2.76e+07
68	51	1.14e+08
67	51	3.3e+08
66	51	7.23e+08
65	51	1.27e+09
64	51	1.83e+09
63	51	2.15e+09
62	51	1.91e+09
61	51	1.31e+09
60	51	6.86e+08
59	51	2.65e+08
58	51	7.28e+07
57	51	1.37e+07
56	51	1700000
55	51	133000
54	51	6420
53	51	186
94	50	3.05e-09
93	50	6.26e-08
92	50	1.39e-06
91	50	1.67e-05
90	50	0.000623
89	50	0.0164
88	50	1.16
87	50	40.7
86	50	1940
85	50	10700
84	50	95900
83	50	848000
82	50	626000
81	50	2510000
80	50	7200000
79	50	5680000
78	50	6500000
77	50	8080000
76	50	1.86e+07
75	50	1.65e+07
74	50	3.99e+07
73	50	3.23e+07
72	50	7.11e+07
71	50	3.73e+07
70	50	4.34e+07
69	50	3.28e+07
68	50	3.35e+07
67	50	5.2e+07
66	50	1.51e+08
65	50	3.52e+08
64	50	6.83e+08
63	50	1.13e+09
62	50	1.57e+09
61	50	1.8e+09
60	50	1.52e+09
59	50	9.66e+08
58	50	4.47e+08
57	50	1.44e+08
56	50	3.09e+07
55	50	4280000
54	50	367000
53	50	18900
52	50	568
51	50	16
50	50	0.522
49	50	0.0167
48	50	0.00054
47	50	1.79e-05
46	50	6.05e-07
45	50	2.08e-08
92	49	1.8e-08
91	49	2.91e-07
90	49	4.65e-06
89	49	8.84e-05
88	49	0.00407
87	49	0.111
86	49	3.22
85	49	56.9
84	49	1840
83	49	7000
82	49	62400
81	49	244000
80	49	1790000
79	49	1240000
78	49	2300000
77	49	4310000
76	49	1.15e+07
75	49	1.24e+07
74	49	2.38e+07
73	49	2.01e+07
72	49	4.52e+07
71	49	3.42e+07
70	49	4.9e+07
69	49	4.23e+07
68	49	5e+07
67	49	3.64e+07
66	49	3.32e+07
65	49	6.98e+07
64	49	1.72e+08
63	49	3.64e+08
62	49	6.7e+08
61	49	1.07e+09
60	49	1.45e+09
59	49	1.52e+09
58	49	1.16e+09
57	49	6.34e+08
56	49	2.36e+08
55	49	5.79e+07
54	49	8910000
53	49	831000
52	49	45200
51	49	1390
50	49	35.3
49	49	1.11
48	49	0.0358
91	48	3.54e-09
90	48	7.45e-08
89	48	1.59e-06
88	48	3.5e-05
87	48	0.00124
86	48	0.0128
85	48	0.177
84	48	2.4
83	48	53.7
82	48	1320
81	48	4320
80	48	33500
79	48	102000
78	48	685000
77	48	983000
76	48	4760000
75	48	6510000
74	48	1.85e+07
73	48	1.45e+07
72	48	2.7e+07
71	48	2.05e+07
70	48	4.46e+07
69	48	3.8e+07
68	48	7.28e+07
67	48	3.96e+07
66	48	4.28e+07
65	48	3.01e+07
64	48	3.18e+07
63	48	8.28e+07
62	48	1.91e+08
61	48	3.9e+08
60	48	7.01e+08
59	48	1.09e+09
58	48	1.38e+09
57	48	1.25e+09
56	48	7.93e+08
55	48	3.4e+08
54	48	9.36e+07
53	48	1.59e+07
52	48	1590000
51	48	90700
50	48	2930
49	48	73.7
48	48	2.38
47	48	0.0779
46	48	0.00262
45	48	9e-05
44	48	3.16e-06
43	48	1.12e-07
42	48	3.12e-09
89	47	2.13e-08
88	47	5.86e-07
87	47	2e-05
86	47	0.000173
85	47	0.00184
84	47	0.0229
83	47	0.239
82	47	6.58
81	47	68.1
80	47	736
79	47	4370
78	47	14800
77	47	79200
76	47	586000
75	47	1960000
74	47	8060000
73	47	1.02e+07
72	47	2.2e+07
71	47	1.62e+07
70	47	2.98e+07
69	47	2.47e+07
68	47	5.92e+07
67	47	3.95e+07
66	47	5.26e+07
65	47	4.27e+07
64	47	4.33e+07
63	47	2.99e+07
62	47	3.9e+07
61	47	9.83e+07
60	47	2.23e+08
59	47	4.5e+08
58	47	7.88e+08
57	47	1.15e+09
56	47	1.24e+09
55	47	9.05e+08
54	47	4.4e+08
53	47	1.35e+08
52	47	2.49e+07
51	47	2710000
50	47	170000
49	47	6110
48	47	155
47	47	5.13
46	47	6.01e-05
88	46	6.98e-09
87	46	2.54e-07
86	46	2.86e-06
85	46	6.74e-05
84	46	0.000465
83	46	0.00323
82	46	0.0513
81	46	0.472
80	46	5.03
79	46	53.1
78	46	714
77	46	4700
76	46	13900
75	46	108000
74	46	681000
73	46	2730000
72	46	1.1e+07
71	46	1.03e+07
70	46	2.63e+07
69	46	1.52e+07
68	46	3.47e+07
67	46	2.73e+07
66	46	6.36e+07
65	46	4.23e+07
64	46	5.38e+07
63	46	3.8e+07
62	46	3.81e+07
61	46	2.47e+07
60	46	5.03e+07
59	46	1.27e+08
58	46	2.88e+08
57	46	5.63e+08
56	46	9.23e+08
55	46	1.17e+09
54	46	9.67e+08
53	46	5.26e+08
52	46	1.79e+08
51	46	3.7e+07
50	46	4530000
49	46	320000
48	46	12800
47	46	330
46	46	11.1
45	46	0.375
44	46	0.0129
43	46	0.000455
42	46	1.63e-05
41	46	5.93e-07
40	46	2.17e-08
87	45	2.24e-09
86	45	3.52e-08
85	45	3.88e-07
84	45	4.19e-06
83	45	7.91e-05
82	45	0.000811
81	45	0.00804
80	45	0.0661
79	45	0.497
78	45	9.74
77	45	91.5
76	45	1330
75	45	3760
74	45	22200
73	45	149000
72	45	893000
71	45	4360000
70	45	1.28e+07
69	45	1.13e+07
68	45	2.43e+07
67	45	1.72e+07
66	45	4.21e+07
65	45	3.17e+07
64	45	4.81e+07
63	45	4.44e+07
62	45	5.01e+07
61	45	3.59e+07
60	45	3.15e+07
59	45	2.61e+07
58	45	7.38e+07
57	45	1.86e+08
56	45	4.04e+08
55	45	7.34e+08
54	45	1.05e+09
53	45	9.89e+08
52	45	6.04e+08
51	45	2.32e+08
50	45	5.42e+07
49	45	7490000
48	45	594000
47	45	26400
46	45	699
45	45	23.8
85	44	4.24e-09
84	44	5.39e-08
83	44	5.98e-07
82	44	5.63e-06
81	44	0.000306
80	44	0.000886
79	44	0.00573
78	44	0.0672
77	44	0.893
76	44	17.2
75	44	152
74	44	1640
73	44	7470
72	44	33700
71	44	246000
70	44	1150000
69	44	5070000
68	44	1.36e+07
67	44	9900000
66	44	2.33e+07
65	44	1.68e+07
64	44	4.38e+07
63	44	3.23e+07
62	44	4.88e+07
61	44	4.05e+07
60	44	4.45e+07
59	44	2.98e+07
58	44	2.77e+07
57	44	4.4e+07
56	44	1.22e+08
55	44	2.94e+08
54	44	5.84e+08
53	44	9.13e+08
52	44	9.84e+08
51	44	6.8e+08
50	44	2.96e+08
49	44	7.82e+07
48	44	1.22e+07
47	44	1090000
46	44	53800
45	44	1480
44	44	50.7
43	44	1.75
42	44	0.0618
41	44	0.00222
40	44	8.09e-05
39	44	3e-06
38	44	3.71e-08
83	43	6.23e-09
82	43	7.44e-08
81	43	7.28e-07
80	43	6.21e-06
79	43	0.000164
78	43	0.00128
77	43	0.0075
76	43	0.167
75	43	2.18
74	43	47.4
73	43	442
72	43	4420
71	43	17400
70	43	78100
69	43	538000
68	43	2590000
67	43	4420000
66	43	1.21e+07
65	43	8490000
64	43	2.25e+07
63	43	1.9e+07
62	43	3.45e+07
61	43	3.58e+07
60	43	4.86e+07
59	43	3.81e+07
58	43	3.72e+07
57	43	2.62e+07
56	43	2.72e+07
55	43	8.24e+07
54	43	2.12e+08
53	43	4.55e+08
52	43	7.76e+08
51	43	9.58e+08
50	43	7.44e+08
49	43	3.68e+08
48	43	1.1e+08
47	43	1.93e+07
46	43	1930000
45	43	107000
44	43	3240
43	43	107
81	42	8.31e-09
80	42	8.52e-08
79	42	7.42e-07
78	42	6.28e-06
77	42	8.68e-05
76	42	0.00143
75	42	0.0194
74	42	0.319
73	42	5.93
72	42	114
71	42	928
70	42	6070
69	42	29200
68	42	113000
67	42	673000
66	42	3420000
65	42	4330000
64	42	9730000
63	42	8920000
62	42	2.55e+07
61	42	2.04e+07
60	42	3.93e+07
59	42	3.34e+07
58	42	4.6e+07
57	42	3.37e+07
56	42	3.35e+07
55	42	2.25e+07
54	42	5.44e+07
53	42	1.5e+08
52	42	3.45e+08
51	42	6.44e+08
50	42	5.4e+11
49	42	2.11e+09
48	42	8.19e+08
47	42	1.9e+08
46	42	2.98e+07
45	42	3350000
44	42	235000
43	42	12600
42	42	684
41	42	33.3
40	42	1.48
39	42	0.0612
38	42	0.00239
37	42	8.91e-05
36	42	3.23e-06
79	41	8.5e-09
78	41	8.21e-08
77	41	7.6e-07
76	41	5.51e-05
75	41	0.000155
74	41	0.00446
73	41	0.0501
72	41	1.79
71	41	24.2
70	41	264
69	41	1910
68	41	19500
67	41	84000
66	41	468000
65	41	1530000
64	41	7550000
63	41	3530000
62	41	1.02e+07
61	41	1.36e+07
60	41	2.82e+07
59	41	2.71e+07
58	41	3.66e+07
57	41	3.55e+07
56	41	4.11e+07
55	41	3.37e+07
54	41	2.83e+07
53	41	3.5e+07
52	41	1.04e+08
51	41	2.57e+08
50	41	5.17e+08
49	41	1.41e+09
48	41	1.73e+09
47	41	1.04e+09
46	41	3.79e+08
45	41	8.77e+07
44	41	1.29e+07
43	41	1160000
42	41	61100
41	41	2350
40	41	84.2
77	40	8.82e-09
76	40	9.86e-08
75	40	9.27e-07
74	40	4.39e-05
73	40	0.000205
72	40	0.00846
71	40	0.133
70	40	3.95
69	40	43.9
68	40	837
67	40	4090
66	40	40900
65	40	183000
64	40	1100000
63	40	3400000
62	40	1.32e+07
61	40	7190000
60	40	2.39e+07
59	40	2.03e+07
58	40	3.18e+07
57	40	2.33e+07
56	40	3.62e+07
55	40	3.53e+07
54	40	3.92e+07
53	40	2.98e+07
52	40	2.55e+07
51	40	6.96e+07
50	40	1.86e+08
49	40	4.05e+08
48	40	8.67e+08
47	40	1.3e+09
46	40	1.05e+09
45	40	5.21e+08
44	40	1.6e+08
43	40	2.94e+07
42	40	3080000
41	40	174000
40	40	5570
39	40	201
38	40	6.95
37	40	0.236
36	40	0.00794
35	40	0.000264
34	40	8.71e-06
76	39	1.03e-09
75	39	1.19e-08
74	39	1.47e-07
73	39	1.57e-06
72	39	5.32e-05
71	39	0.00108
70	39	0.0287
69	39	0.419
68	39	14.1
67	39	147
66	39	1780
65	39	13400
64	39	163000
63	39	463000
62	39	1690000
61	39	5300000
60	39	1.7e+07
59	39	1.4e+07
58	39	2.12e+07
57	39	1.61e+07
56	39	2.38e+07
55	39	2.83e+07
54	39	3.75e+07
53	39	3.59e+07
52	39	3.6e+07
51	39	2.65e+07
50	39	4.54e+07
49	39	1.3e+08
48	39	3.08e+08
47	39	5.72e+08
46	39	9.29e+08
45	39	9.63e+08
44	39	5.99e+08
43	39	2.26e+08
42	39	4.89e+07
41	39	5730000
40	39	341000
39	39	10300
38	39	349
74	38	1.73e-09
73	38	2.31e-08
72	38	3.25e-07
71	38	3.98e-06
70	38	0.000164
69	38	0.00147
68	38	0.0745
67	38	1.19
66	38	34.6
65	38	484
64	38	3570
63	38	21800
62	38	178000
61	38	755000
60	38	2880000
59	38	7930000
58	38	2.19e+07
57	38	8100000
56	38	1.67e+07
55	38	1.55e+07
54	38	2.65e+07
53	38	2.75e+07
52	38	3.58e+07
51	38	2.78e+07
50	38	3.34e+07
49	38	2.87e+07
48	38	8.89e+07
47	38	2.27e+08
46	38	4.6e+08
45	38	7.05e+08
44	38	8.44e+08
43	38	6.27e+08
42	38	2.78e+08
41	38	6.82e+07
40	38	8700000
39	38	546000
38	38	16400
37	38	532
36	38	16.7
35	38	0.52
34	38	0.0168
33	38	0.000559
72	37	4.31e-09
71	37	5.86e-08
70	37	8.18e-07
69	37	4.49e-05
68	37	0.00038
67	37	0.00859
66	37	0.364
65	37	8.92
64	37	84.7
63	37	724
62	37	9150
61	37	49100
60	37	339000
59	37	1170000
58	37	3510000
57	37	1.03e+07
56	37	2.76e+07
55	37	1.02e+07
54	37	1.61e+07
53	37	1.74e+07
52	37	2.62e+07
51	37	2.91e+07
50	37	4.2e+07
49	37	1.58e+08
48	37	1.3e+08
47	37	9.86e+07
46	37	1.62e+08
45	37	3.58e+08
44	37	6.01e+08
43	37	7.06e+08
42	37	6.2e+08
41	37	3.14e+08
40	37	8.55e+07
39	37	1.22e+07
38	37	1560000
37	37	80000
36	37	1330
70	36	1.1e-08
69	36	1.49e-07
68	36	2.25e-06
67	36	2.43e-05
66	36	0.00102
65	36	0.0315
64	36	0.379
63	36	4.89
62	36	178
61	36	1430
60	36	16200
59	36	90600
58	36	384000
57	36	1710000
56	36	6170000
55	36	1.23e+07
54	36	4.16e+07
53	36	1.1e+07
52	36	1.57e+07
51	36	1.59e+08
50	36	4.03e+12
49	36	1.6e+10
48	36	1.32e+10
47	36	9.98e+09
46	36	6.6e+09
45	36	3.89e+09
44	36	2e+09
43	36	8.7e+08
42	36	4.05e+12
41	36	1.82e+10
40	36	6.19e+09
39	36	1.23e+09
38	36	1.56e+08
37	36	1.27e+07
36	36	661000
35	36	34000
34	36	1560
33	36	65.6
32	36	2.58
31	36	0.0974
69	35	1.79e-09
68	35	3.11e-08
67	35	4.21e-07
66	35	0.000139
65	35	0.000824
64	35	0.00537
63	35	0.038
62	35	1.16
61	35	16.6
60	35	305
59	35	2440
58	35	26300
57	35	120000
56	35	648000
55	35	2010000
54	35	5120000
53	35	9690000
52	35	9230000
51	35	2.02e+07
50	35	2.01e+09
49	35	3.92e+09
48	35	6.05e+09
47	35	7.85e+09
46	35	8.97e+09
45	35	8.2e+09
44	35	6.4e+09
43	35	4.22e+09
42	35	5.1e+09
41	35	1.4e+10
40	35	1.5e+10
39	35	7.76e+09
38	35	2.33e+09
37	35	4.11e+08
36	35	4.13e+07
35	35	2210000
33	35	2670
67	34	5.31e-09
66	34	9.74e-08
65	34	1.36e-06
64	34	1.64e-05
63	34	0.000158
62	34	0.00225
61	34	0.0554
60	34	1.51
59	34	17.6
58	34	438
57	34	3480
56	34	39400
55	34	166000
54	34	851000
53	34	2430000
52	34	4520000
51	34	8640000
50	34	1.27e+08
49	34	4.2e+08
48	34	4.36e+12
47	34	1.79e+10
46	34	1.5e+10
45	34	1.13e+10
44	34	7.71e+09
43	34	6.26e+09
42	34	5.27e+09
41	34	3.71e+09
40	34	9e+09
39	34	1.18e+10
38	34	7.97e+09
37	34	3.12e+09
36	34	6.82e+08
35	34	7.83e+07
34	34	4390000
33	34	142000
32	34	5050
31	34	175
30	34	6.06
29	34	0.21
66	33	1.12e-09
65	33	1.94e-08
64	33	2.49e-07
63	33	2.75e-06
62	33	3.6e-05
61	33	0.000347
60	33	0.00895
59	33	0.106
58	33	4.34
57	33	54.7
56	33	1210
55	33	8650
54	33	67600
53	33	217000
52	33	839000
51	33	1890000
50	33	6580000
49	33	3.22e+07
48	33	2.18e+09
47	33	4.24e+09
46	33	6.55e+09
45	33	8.56e+09
44	33	9.69e+09
43	33	9.22e+09
42	33	7.42e+09
41	33	5.03e+09
40	33	4.19e+09
39	33	6.01e+09
38	33	9.09e+09
37	33	7.57e+09
36	33	3.57e+09
35	33	8.98e+08
34	33	1.12e+08
33	33	6520000
32	33	205000
31	33	7010
64	32	2.88e-09
63	32	3.65e-08
62	32	5.16e-07
61	32	6.05e-06
60	32	7.34e-05
59	32	0.000675
58	32	0.0179
57	32	0.31
56	32	12.7
55	32	172
54	32	2820
53	32	16200
52	32	87600
51	32	280000
50	32	877000
49	32	1970000
48	32	1.3e+08
47	32	4.29e+08
46	32	1.04e+09
45	32	2.04e+09
44	32	3.38e+09
43	32	4.92e+09
42	32	6.32e+09
41	32	6.98e+09
40	32	6.08e+09
39	32	4.22e+09
38	32	3.79e+12
37	32	1.95e+10
36	32	8.57e+09
35	32	3.76e+09
34	32	1.05e+09
33	32	1.4e+08
32	32	8470000
31	32	264000
30	32	12800
29	32	591
28	32	25.4
62	31	5.73e-09
61	31	7.63e-08
60	31	1.06e-06
59	31	1.09e-05
58	31	0.000135
57	31	0.00119
56	31	0.0537
55	31	1.19
54	31	35.4
53	31	323
52	31	3100
51	31	13100
50	31	72200
49	31	186000
48	31	6160000
47	31	3.04e+07
46	31	1.05e+08
45	31	2.86e+08
44	31	6.45e+08
43	31	1.27e+09
42	31	2.22e+09
41	31	3.48e+09
40	31	4.82e+09
39	31	5.6e+09
38	31	4.91e+09
37	31	1.23e+10
36	31	1.54e+10
35	31	1.03e+10
34	31	4.37e+09
33	31	1.15e+09
32	31	1.79e+08
31	31	1.5e+07
30	31	708000
29	31	23000
60	30	1.11e-08
59	30	1.48e-07
58	30	1.89e-06
57	30	1.93e-05
56	30	0.000278
55	30	0.00297
54	30	0.124
53	30	2.04
52	30	48
51	30	420
50	30	3890
49	30	19400
48	30	250000
47	30	1650000
46	30	7580000
45	30	2.68e+07
44	30	7.86e+07
43	30	2e+08
42	30	4.57e+08
41	30	9.45e+08
40	30	4.91e+12
39	30	2.81e+10
38	30	2e+10
37	30	1.22e+10
36	30	6.85e+09
35	30	1.06e+10
34	30	5.1e+12
33	30	2.52e+10
32	30	6.58e+09
31	30	9.22e+08
30	30	7.43e+07
29	30	3680000
28	30	174000
27	30	7390
26	30	294
25	30	11.2
24	30	0.424
59	29	1.31e-09
58	29	2.1e-08
57	29	2.59e-07
56	29	6.35e-06
55	29	5.26e-05
54	29	0.00091
53	29	0.014
52	29	0.273
51	29	3.29
50	29	66.6
49	29	445
48	29	8300
47	29	67900
46	29	388000
45	29	1720000
44	29	6320000
43	29	2.04e+07
42	29	5.94e+07
41	29	1.59e+08
40	29	4e+09
39	29	8.38e+09
38	29	1.37e+10
37	29	1.6e+10
36	29	1.45e+10
35	29	1.03e+10
34	29	9.55e+09
33	29	2.43e+10
32	29	2.02e+10
31	29	7.79e+09
30	29	1.56e+09
29	29	2.04e+08
28	29	2.28e+07
27	29	1030000
26	29	23800
57	28	2.53e-09
56	28	6.73e-08
55	28	6.25e-07
54	28	2.66e-05
53	28	9.17e-05
52	28	0.00127
51	28	0.0124
50	28	0.72
49	28	7.2
48	28	209
47	28	2010
46	28	13700
45	28	73900
44	28	336000
43	28	1360000
42	28	5030000
41	28	1.74e+07
40	28	2.96e+08
39	28	1.07e+09
38	28	2.66e+09
37	28	5.57e+09
36	28	4.2e+12
35	28	2.64e+10
34	28	1.71e+10
33	28	8.96e+09
32	28	1.66e+10
31	28	1.64e+10
30	28	4.65e+12
29	28	2.03e+10
28	28	2.25e+09
27	28	1.01e+08
26	28	3570000
25	28	122000
24	28	4000
23	28	130
22	28	4.21
21	28	0.139
20	28	0.00481
55	27	6.17e-09
54	27	1.64e-07
53	27	1.3e-06
52	27	3.38e-05
51	27	0.000178
50	27	0.00387
49	27	0.0443
48	27	3.67
47	27	40.1
46	27	322
45	27	2090
44	27	11700
43	27	59500
42	27	284000
41	27	1270000
40	27	1.8e+07
39	27	9.46e+07
38	27	3.37e+08
37	27	9.22e+08
36	27	4.95e+09
35	27	1.03e+10
34	27	1.5e+10
33	27	1.61e+10
32	27	1.22e+10
31	27	1.19e+10
30	27	1.44e+10
29	27	3e+10
28	27	1.25e+10
27	27	1.87e+09
26	27	1.11e+08
25	27	3490000
24	27	111000
23	27	3480
54	26	1.13e-09
53	26	1.3e-08
52	26	3.37e-07
51	26	2.16e-06
50	26	2.83e-05
49	26	0.000451
48	26	0.0427
47	26	0.527
46	26	4.93
45	26	38.3
44	26	272
43	26	1770
42	26	10900
41	26	63100
40	26	928000
39	26	6320000
38	26	2.94e+07
37	26	1.06e+08
36	26	3.81e+08
35	26	1.62e+09
34	26	3.87e+09
33	26	7.05e+09
32	26	1.02e+10
31	26	1.12e+10
30	26	8.72e+09
29	26	1.59e+10
28	26	2.11e+10
27	26	9.21e+09
26	26	1.55e+09
25	26	9.61e+07
24	26	2920000
23	26	92300
22	26	2990
21	26	100
20	26	3.48
19	26	0.129
52	25	2.13e-09
51	25	1.88e-08
50	25	7.67e-07
49	25	7.05e-06
48	25	0.000328
47	25	0.00472
46	25	0.0519
45	25	0.488
44	25	4.23
43	25	36.4
42	25	288
41	25	2160
40	25	38200
39	25	310000
38	25	1770000
37	25	8040000
36	25	3.1e+07
35	25	1.47e+08
34	25	6.05e+08
33	25	1.57e+09
32	25	3.36e+09
31	25	5.95e+09
30	25	8.47e+09
29	25	8.19e+09
28	25	1.37e+10
27	25	1.62e+10
26	25	7.31e+09
25	25	1.26e+09
24	25	7.63e+07
23	25	2400000
22	25	79000
21	25	2660
50	24	4.37e-09
49	24	4.85e-08
48	24	2e-06
47	24	3.38e-05
46	24	0.000825
45	24	0.00491
44	24	0.0513
43	24	0.515
42	24	5.37
41	24	50.9
40	24	1140
39	24	10500
38	24	71900
37	24	401000
36	24	1960000
35	24	1.11e+07
34	24	5.23e+07
33	24	1.91e+08
32	24	6.42e+08
31	24	1.6e+09
30	24	3.4e+09
29	24	5.87e+09
28	24	7.21e+09
27	24	1.12e+10
26	24	1.32e+10
25	24	6.05e+09
24	24	1.04e+09
23	24	6.21e+07
22	24	2050000
21	24	71500
20	24	2650
19	24	103
18	24	4.2
48	23	2.55e-08
47	23	2.43e-07
46	23	4.73e-06
45	23	4.46e-05
44	23	0.000934
43	23	0.00858
42	23	0.0835
41	23	0.825
40	23	23
39	23	235
38	23	1920
37	23	13200
36	23	83300
35	23	605000
34	23	3500000
33	23	1.63e+07
32	23	6.56e+07
31	23	2.63e+08
30	23	7.81e+08
29	23	1.97e+09
28	23	3.99e+09
27	23	5.86e+09
26	23	9.1e+09
25	23	1.1e+10
24	23	5.12e+09
23	23	8.82e+08
22	23	5.34e+07
21	23	1940000
20	23	73600
47	22	1.69e-09
46	22	2.75e-08
45	22	3.66e-07
44	22	9.39e-06
43	22	5.37e-05
42	22	0.00657
41	22	0.0458
40	22	0.625
39	22	3.49
38	22	33.1
37	22	300
36	22	2450
35	22	22500
34	22	156000
33	22	914000
32	22	5040000
31	22	2.47e+07
30	22	1.03e+08
29	22	3.99e+08
28	22	1.16e+09
27	22	2.65e+09
26	22	4.47e+09
25	22	7.31e+09
24	22	9.16e+09
23	22	4.42e+09
22	22	7.95e+08
21	22	5.16e+07
20	22	2010000
19	22	81600
18	22	3400
17	22	146
44	21	6.28e-08
43	21	4.22e-07
42	21	1.98e-05
41	21	7.69e-05
40	21	0.0147
39	21	0.123
38	21	1.02
37	21	4.68
36	21	52.1
35	21	533
34	21	4620
33	21	38000
32	21	277000
31	21	1820000
30	21	1.01e+07
29	21	6.66e+07
28	21	2.04e+08
27	21	6.7e+08
26	21	1.7e+09
25	21	3.22e+09
24	21	5.78e+09
23	21	7.62e+09
22	21	3.89e+09
21	21	7.67e+08
20	21	5.41e+07
19	21	2210000
42	20	9.23e-08
41	20	5.76e-07
40	20	2.56e-05
39	20	0.000328
38	20	0.0267
37	20	0.123
36	20	1.35
35	20	8.7
34	20	107
33	20	1100
32	20	10300
31	20	85300
30	20	1190000
29	20	5.82e+08
28	20	6.86e+12
27	20	5.85e+10
26	20	4.14e+10
25	20	2.45e+10
24	20	1.17e+10
23	20	4.38e+09
22	20	6.36e+09
21	20	3.52e+09
20	20	7.61e+08
19	20	5.79e+07
18	20	2510000
17	20	742000
16	20	39900
15	20	1060
40	19	1.78e-07
39	19	2.67e-06
38	19	5.08e-05
37	19	0.000592
36	19	0.0505
35	19	0.199
34	19	2.64
33	19	21.9
32	19	256
31	19	2670
30	19	181000
29	19	8.71e+07
28	19	8.65e+09
27	19	1.83e+10
26	19	2.81e+10
25	19	3.41e+10
24	19	3.05e+10
23	19	2.04e+10
22	19	9.34e+09
21	19	5.16e+09
20	19	3.17e+09
19	19	7.56e+08
18	19	5.61e+08
17	19	3.8e+08
16	19	2.08e+07
38	18	3.17e-07
37	18	4.89e-06
36	18	9.29e-05
35	18	0.00114
34	18	0.0877
33	18	0.426
32	18	5.61
31	18	56.7
30	18	11900
29	18	5590000
28	18	5.51e+08
27	18	2.02e+09
26	18	5.16e+09
25	18	1.04e+10
24	18	1.74e+10
23	18	2.34e+10
22	18	7.51e+12
21	18	7.67e+10
20	18	3.67e+10
19	18	1.17e+10
18	18	7.19e+12
17	18	3.76e+10
16	18	2.05e+09
15	18	6.04e+07
14	18	1810000
13	18	57100
38	17	1.85e-09
36	17	5.26e-07
35	17	8.94e-06
34	17	0.00016
33	17	0.00306
32	17	0.083
31	17	2.67
30	17	567
29	17	257000
28	17	2.52e+07
27	17	1.32e+08
26	17	4.8e+08
25	17	1.41e+09
24	17	3.56e+09
23	17	7.64e+09
22	17	2.02e+10
21	17	4.41e+10
20	17	5.65e+10
19	17	4.17e+10
18	17	5.69e+10
17	17	7.21e+10
16	17	1.59e+10
15	17	9.48e+08
14	17	2.88e+07
36	16	3.04e-09
34	16	1.12e-06
33	16	2.13e-05
32	16	0.000498
31	16	0.00862
30	16	17.3
29	16	7850
28	16	765000
27	16	5030000
26	16	2.44e+07
25	16	9.93e+07
24	16	3.61e+08
23	16	1.17e+09
22	16	3.24e+09
21	16	8.52e+09
20	16	2.07e+10
19	16	3.5e+10
18	16	3.65e+10
17	16	5.9e+10
16	16	4.37e+10
15	16	8.65e+09
14	16	4.64e+08
13	16	1.63e+07
12	16	637000
11	16	25800
34	15	9.26e-09
33	15	1.34e-07
32	15	4.77e-06
31	15	6.56e-05
30	15	0.334
29	15	133
28	15	13700
27	15	108000
26	15	672000
25	15	3890000
24	15	2.04e+07
23	15	9.52e+07
22	15	3.86e+08
21	15	1.3e+09
20	15	3.55e+09
19	15	1e+10
18	15	2.13e+10
17	15	2.87e+10
16	15	4.71e+10
15	15	2.96e+10
14	15	5.42e+09
13	15	6.41e+08
12	15	4.28e+07
11	15	1400000
32	14	1.84e-08
31	14	4.06e-07
30	14	0.00412
29	14	1.36
28	14	126
27	14	1340
26	14	11300
25	14	88400
24	14	640000
23	14	4350000
22	14	2.49e+07
21	14	1.19e+08
20	14	4.82e+08
19	14	1.56e+09
18	14	4.98e+09
17	14	1.28e+10
16	14	2.03e+10
15	14	3.6e+10
14	14	9.42e+12
13	14	6.11e+10
12	14	4.4e+09
11	14	1.52e+08
10	14	5260000
9	14	196000
8	14	7530
30	13	3.73e-05
29	13	0.00926
28	13	0.779
27	13	10.1
26	13	124
25	13	1290
24	13	12400
23	13	108000
22	13	894000
21	13	6110000
20	13	3.5e+07
19	13	1.7e+08
18	13	6.41e+08
17	13	2.48e+09
16	13	7.19e+09
15	13	1.37e+10
14	13	8.21e+10
13	13	1.1e+11
12	13	2.95e+10
11	13	2.14e+09
10	13	7.72e+07
9	13	3070000
30	12	2.76e-07
28	12	0.00423
26	12	0.965
25	12	12.1
24	12	148
23	12	1710
22	12	18000
21	12	180000
20	12	1430000
19	12	9830000
18	12	5.51e+07
17	12	2.58e+08
16	12	1.2e+09
15	12	3.86e+09
14	12	2.29e+10
13	12	7.35e+10
12	12	6.99e+10
11	12	1.69e+10
10	12	1.17e+09
9	12	4.78e+07
8	12	2270000
28	11	1.95e-05
26	11	0.00558
24	11	1.14
23	11	16.5
22	11	228
21	11	3030
20	11	33500
19	11	314000
18	11	2440000
17	11	1.73e+07
16	11	1.02e+08
15	11	5.51e+08
14	11	3.84e+09
13	11	2.09e+10
12	11	5.18e+10
11	11	4.53e+10
10	11	1.09e+10
9	11	7.58e+08
24	10	0.00608
22	10	1.72
21	10	31.3
20	10	466
19	10	6070
18	10	67800
17	10	631000
16	10	5250000
15	10	3.9e+07
14	10	3.44e+08
13	10	2.91e+09
12	10	2.24e+13
11	10	1.27e+11
10	10	4.64e+10
9	10	7.26e+09
8	10	5.28e+08
7	10	2.8e+07
22	9	0.00924
20	9	4.03
18	9	1040
17	9	13800
16	9	168000
15	9	1730000
14	9	1.59e+07
13	9	5.8e+08
12	9	4.52e+10
11	9	9.5e+10
10	9	8.75e+10
9	9	4.25e+10
8	9	7.22e+09
16	8	3180
15	8	40800
14	8	453000
13	8	4.31e+07
12	8	4.62e+09
11	8	1.57e+10
10	8	3.12e+13
9	8	1.32e+11
8	8	3.57e+13
7	8	6.68e+10
6	8	5.84e+09
5	8	2.11e+08
16	7	33.4
15	7	617
14	7	11800
13	7	1690000
12	7	1.79e+08
11	7	1.24e+09
10	7	4.38e+10
9	7	9.01e+10
8	7	8.83e+10
7	7	1.04e+11
6	7	3.08e+10
5	7	2.47e+09
16	6	0.215
14	6	152
13	6	35400
12	6	3770000
11	6	3.95e+07
10	6	3.6e+09
9	6	1.1e+10
8	6	2.9e+10
7	6	4.82e+10
6	6	5.13e+10
5	6	1.38e+10
4	6	1.25e+09
3	6	5.32e+07
14	5	1.1
12	5	46200
10	5	9.14e+07
9	5	6.62e+08
8	5	2.88e+09
7	5	9.34e+09
6	5	1.73e+10
5	5	2.33e+10
3	5	4.52e+08
10	4	3540000
8	4	3.37e+08
7	4	2.56e+09
6	4	8.17e+09
5	4	2.15e+10
3	4	6.95e+09
8	3	1.77e+07
6	3	1.57e+09
5	3	1.08e+10
4	3	2.14e+10
3	3	3.85e+10
6	2	6.5e+08
4	2	2.85e+10
2	2	8.07e+10
1	2	1.96e+10
2	1	2.53e+11
1	1	1.75e+11
0	1	2.19e+11
